5247724267766802
5247757545640374
5248441753014949
5247731653149636
5248380611858727
5248433776757269
5248460659887892
5247737916031167
5248456609499648
5248394100475660
5247775333684769
5247781210165460
5247735268906544
5248400016541078
5247764459947945
5248498971714157
5248130897413332
5248155421513432
5248142825237628
5248193329632245
5248155520338747
5247757474334944
5248136210555116
5248096733761418
5248101088756757
5247777585500107
5247805493084602
5248109283640560
5248106993028974
5248113519362268
5247765969896964
5248101929455637
5248125994010294
5247786316729127
5248093052471802
5248080682684279
5248075847172708
5247786188015860
5248078290354576
5247777668862044
5247748925818778
5248074431595511
5248089395037152
5247828499892059
5247803366309994
5247751215385845
5248069425956241
5247756614762686
5248058141971215
5248065652916772
5247755136271481
5248048446050801
5248023294907220
5248038937297887
5248028856550619
5247751055212948
5247849924659709
5248017556832410
5248032716619872
5247773952705288
5247923527090439
5247932082161032
5247992240013550
5247942149800232
5247951651996105
5247993749963122
5247853917375583
5247897706957525
5247889518369057
5247874515340833
5247756325096286
5247882819011886
5247753774698747
5247783465914729
5247787610407988
5247888801662254
5247876856030652
5247884058690933
5247865777819270
5247872385943173
5247864671306801
5247867679671458
5247871902557419
5247820765337623
5247872274795329
5247762905432499
5247862398004953
5247842043037478
5247853413800537
5247843590740127
5247771738637440
5247853142482093
5247812105143143
5247847798407647
5247844986652172
5247843414582182
5247774057828236
5247839995168902
5247838363848331
5247836400652678
5247839399840221
5247839308612427
5247839947198394
5247825416825342
5247782623644861
5247836719420790
5247764268325379
5247727168652790
5247754877274952
5247829024965095
5247831532119791
5247771160347211
5247755027221170
5247794323391984
5247827817009316
5247752466334864
5247818714583963
5247821093801380
5247822191921486
5247822941130123
5247815263192377
5247813920228952
5247766838118439
5247813626890434
5247761473865085
5247811906177347
5247806870389968
5247807985813011
5247775719031357
5247775948408371
5247811357775439
5247806835263798
5247812314858459
5247793644964643
5247800033677064
5247803645233473
5247802686837152
5247806325657430
5247801980356629
5247801034540945
5247774780035059
5247799055877248
5247799887397293
5247775847486708
5247797643184482
5247799870360779
5247797618018010
5247799785426625
5247799742432359
5247798300639599
5247799760257214
5247790503955952
5247758445315649
5247790284541640
5247792954212985
5247790922864534
5247772790103021
5247765330002607
5247794470193335
5247790206684433
5247787476191521
5247785926658002
5247788575360495
5247790016889695
5247788570905135
5247788482301177
5247742303539214
5247788881283735
5247789034376612
5247789635733125
5247787723391514
5247787073014218
5247788078334296
5247787740430339
5247788292245923
5247787065148339
5247787970596289
5247787648418953
5247788457922517
5247786909959223
5247786165742090
5247786233635765
5247780581019387
5247786834203037
5247786448062583
5247785542094302
5247786233898725
5247785756527404
5247784248676057
5247783717046062
5247784523401680
5247783637358256
5247785172739925
5247785169326514
5247784980579944
5247785373013031
5247784242645447
5247781759617049
5247781129946392
5247780746699649
5247780399876620
5247779321939932
5247781342282842
5247780378907457
5247781188930136
5247780763207106
5247779061892983
5247778588723127
5247777615382722
5247779573863430
5247779970484061
5247778752037607
5247779330853981
5247780323067484
5247779009995067
5247777548275988
5247777764278302
5247777174981434
5247777312868797
5247778273628351
5247778067842519
5247776543998946
5247776732484092
5247776116185673
5247775199728461
5247774209868404
5247774465459713
5247773483996087
5247774566386727
5247775182685901
5247774624842178
5247773638922164
5247774488532964
5247774740455717
5247771374519276
5247771430882192
5247771361679790
5247771336509769
5247771879933484
5247772139983058
5247771739427659
5247771649248378
5247772345238343
5247771443724759
5247771275952910
5247770644448726
5247771134137441
5247770430804002
5247770917078538
5247770564755667
5247770669877502
5247770086605456
5247770492404222
5247770875134366
5247769028855312
5247768943661230
5247769780423493
5247762574610166
5247769642010354
5247769799557725
5247769159663638
5247769476335483
5247769430199441
5247769071060739
5247768613357425
5247768676796546
5247768893588068
5247768273622799
5247768279123647
5247749347871995
5247768396302842
5247768100867354
5247768907743711
5247768135469835
5247751718965074
5247767903469647
5247767391767468
5247768037951106
5247767611180791
5247767700046609
5247768055780960
5247767397014427
5247767997841602
5247767707391753
5247767173923865
5247767333307452
5247766520405032
5247766638106869
5247766605334634
5247766345547853
5247767180218016
5247766458794101
5247766121152949
5247765081757214
5247764151929638
5247764181027673
5247764108936342
5247765107967767
5247764174997786
5247764222969091
5247764234509457
5247765019362501
5247763742722562
5247762941872389
5247763774442637
5247763965280815
5247762488625276
5247762435935667
5247759407909525
5247763395904364
5247762731893460
5247763998574730
5247761404134177
5247761743087089
5247762243259748
5247761349870665
5247761213558048
5247762024629847
5247761335190188
5247762187681855
5247761689348737
5247758367981950
5247761101360046
5247760301293930
5247760514941063
5247760807761204
5247760875126917
5247760275344899
5247745187120648
5247759735063369
5247760237330914
5247759603991408
5247759814231235
5247759722741925
5247759775172273
5247759772812699
5247760129590889
5247760083455378
5247759713049161
5247759489696121
5247758963575278
5247759282078028
5247756761039719
5247758344917391
5247759053751652
5247758552535550
5247759590624118
5247757436584763
5247757695847605
5247756257203856
5247757737787455
5247756763662694
5247756369396014
5247757767409695
5247757814333790
5247757369477441
5247755468414290
5247755035608640
5247756118790125
5247755796613550
5247756083921066
5247755169828737
5247755167727960
5247755603938329
5247755666853155
5247755368011483
5247754809901105
5247754529670645
5247754553262630
5247754704257751
5247754797844008
5247754886710674
5247754599139014
5247754938879356
5247755003627170
5247754244196879
5247754348797776
5247753823194530
5247753739569896
5247754067510806
5247753949283950
5247754165289526
5247754331750838
5247754141959530
5247753828961443
5247753354740873
5247753698937842
5247753303362488
5247753552923672
5247753555807516
5247753148173032
5247753636546444
5247753316734868
5247753688974786
